0 2000000000000000000
166
1000000000000000001 2000000000000000000
249
1500000000000000001 2000000000000000000
9223372036854776098
1500000000000000001 1750000000000000000
4611686018427388174
1500000000000000001 1625000000000000000
2305843009213694211
1500000000000000001 1562500000000000000
1152921504606847230
1500000000000000001 1531250000000000000
576460752303423739
1500000000000000001 1515625000000000000
288230376151711994
1500000000000000001 1507812500000000000
144115188075856121
1500000000000000001 1503906250000000000
72057594037928185
1500000000000000001 1501953125000000000
36028797018964217
1500000000000000001 1500976562500000000
18014398509482233
1500000000000000001 1500488281250000000
9007199254741241
1500000000000000001 1500244140625000000
4503599627370745
1500000000000000001 1500122070312500000
2251799813685496
1500000000000000001 1500061035156250000
1125899906842872
1500000000000000001 1500030517578125000
562949953421561
1500000000000000001 1500015258789062500
281474976710904
1500000000000000001 1500007629394531250
140737488355575
1500000000000000001 1500003814697265625
70368744177929
1500000000000000001 1500001907348632813
35184372089107
1500000000000000001 1500000953674316407
17592186044697
1500000000000000001 1500000476837158204
8796093022472
1500000000000000001 1500000238418579102
4398046511361
1500000000000000001 1500000119209289551
2199023255821
1500000000000000001 1500000059604644776
1099511628034
1500000000000000001 1500000029802322388
549755814139
1500000000000000001 1500000014901161194
274877907192
1500000000000000001 1500000007450580597
137438953738
1500000000000000001 1500000003725290299
68719477012
1500000000000000001 1500000001862645150
34359738629
1500000000000000001 1500000000931322575
17179869456
1500000000000000001 1500000000465661288
8589934850
1500000000000000001 1500000000232830644
4294967550
1500000000000000001 1500000000116415322
2147483899
1500000000000000001 1500000000058207661
1073742090
1500000000000000001 1500000000029103831
536871188
1500000000014551917 1500000000029103831
805306658
1500000000021827875 1500000000029103831
939524393
1500000000025465854 1500000000029103831
1006633241
1500000000025465854 1500000000027284842
973078834
1500000000026375349 1500000000027284842
989856037
1500000000026830096 1500000000027284842
998244659
1500000000027057470 1500000000027284842
1002438970
1500000000027057470 1500000000027171156
1000341832
1500000000027057470 1500000000027114313
999293244
1500000000027085892 1500000000027114313
999817540
1500000000027100103 1500000000027114313
1000079705
1500000000027100103 1500000000027107208
999948622
1500000000027103656 1500000000027107208
1000014181
1500000000027103656 1500000000027105432
999981419
1500000000027104545 1500000000027105432
999997800
1500000000027104989 1500000000027105432
1000005992
1500000000027104989 1500000000027105210
1000001894
1500000000027104989 1500000000027105099
999999865
1500000000027105045 1500000000027105099
1000000900
1500000000027105045 1500000000027105072
1000000384
1500000000027105045 1500000000027105058
1000000126
1500000000027105045 1500000000027105051
1000000013
1500000000027105045 1500000000027105048
999999939
1500000000027105047 1500000000027105048
999999975
1500000000027105048
