Compiled successfully.
103
11 77 282907593
11 81 133996122
17 69 259449699
17 89 404819951
49 75 173202089
49 113 383489050
53 65 871968608
53 99 172915933
59 89 869871477
59 97 78015559
65 81 985554369
65 127 553398586
69 77 715995616
71 81 820022312
75 115 333453324
75 127 326337245
77 83 888833168
77 89 846886608
77 139 415714757
81 101 281779194
83 95 311433939
89 131 58086998
91 115 642224251
91 141 851871894
93 95 712199000
93 101 332083506
93 131 688762406
95 105 516407825
95 125 877634144
95 149 179932364
97 105 225885671
97 123 295295334
99 159 561737847
101 163 562239801
109 123 490670548
109 151 127168421
113 149 455564490
115 139 833962093
115 141 359500223
117 123 300316511
117 153 764078240
123 125 905713884
123 163 42730027
125 139 453650712
131 143 241226289
131 193 94162798
139 153 322189572
141 169 867864249
143 175 147019050
151 173 518356438
151 201 216343252
159 199 131630028
163 199 137981201
169 219 746687124
173 231 217631646
175 229 90975287
175 231 952141457
179 181 699259395
179 229 764619337
181 219 322760352
193 255 705297825
199 231 577229014
201 263 331663851
229 265 542961186
231 247 153041450
239 291 324743192
239 305 202815803
247 265 256924463
249 291 234990856
249 303 996713033
255 263 349416158
263 317 685163767
277 291 54955737
277 303 476279543
277 331 69990301
305 329 808656980
311 325 81667461
311 343 760976441
317 377 213678602
323 355 846907164
323 361 212397525
323 375 103005305
325 361 94969015
329 383 783236548
331 377 928477405
343 383 903415954
343 407 679003556
355 361 797854932
365 391 213469668
365 437 668345812
375 433 994839056
375 445 762302299
381 425 136713293
381 433 500633314
391 413 184703370
407 419 288944262
407 425 417401444
413 467 343500801
419 445 71329092
433 475 125267801
437 473 804923068
467 475 16412789
473 495 370368164
