137
228
34
34
98
211
220
196
88
162
374
109
174
161
118
310
374
141
513
495
61
28
213
379
176
509
278
229
450
305
116
108
121
406
518
158
139
200
12
204
185
223
368
608
153
95
111
166
26
381
281
6
341
143
138
124
185
298
116
139
317
32
56
182
394
104
32
165
126
402
88
272
70
473
262
253
25
48
148
122
283
142
109
29
160
64
350
86
325
49
280
350
65
476
198
31
148
5
6
207
465
263
202
61
165
353
56
288
149
3
64
376
73
24
488
232
279
92
437
60
429
264
85
60
208
276
104
486
271
355
331
135
71
439
208
140
17
397
46
115
168
85
155
51
177
194
554
393
398
37
416
223
221
544
80
533
499
311
31
27
165
392
177
116
109
136
507
310
286
27
419
68
82
233
239
335
204
480
414
99
32
396
518
313
37
163
57
33
56
558
215
74
71
231
165
289
555
49
465
37
202
249
407
22
424
248
136
235
593
177
311
298
358
495
78
34
83
117
370
29
188
259
237
380
445
34
40
119
38
247
270
296
304
204
122
257
177
523
90
391
288
354
251
380
199
156
87
183
230
48
515
274
30
250
157
56
223
76
124
224
61
504
249
416
132
343
284
79
267
217
547
292
266
102
161
68
212
281
99
160
166
379
495
17
574
88
40
53
326
238
319
57
247
279
422
332
391
42
326
164
189
274
213
392
273
271
186
274
25
65
332
12
305
218
55
184
222
81
87
158
22
261
33
255
88
76
607
33
96
354
63
419
21
225
98
307
209
158
172
64
77
426
198
53
264
21
99
395
247
26
366
34
556
489
531
351
237
297
43
327
293
39
598
262
317
36
128
201
284
119
150
291
30
183
62
25
211
105
52
51
27
117
192
197
580
11
73
418
498
160
162
364
141
427
332
64
80
153
157
162
52
65
8
183
67
13
465
156
475
253
87
160
621
195
142
208
552
114
145
219
92
422
128
314
319
61
204
52
294
285
392
24
229
45
10
502
258
44
105
22
393
236
205
27
270
272
136
82
120
207
430
9
112
54
12
21
162
35
123
311
53
159
615
326
297
235
351
181
581
358
102
122
296
202
84
70
371
262
555
542
56
586
373
140
463
89
297
101
140
175
206
384
198
124
180
538
250
451
264
119
107
339
73
76
62
207
233
18
285
292
77
264
156
205
34
216
128
114
37
186
377
79
194
336
246
152
240
169
495
91
43
121
70
367
347
150
107
385
123
94
305
113
242
18
241
75
272
48
360
269
320
174
326
304
425
152
12
254
31
174
203
273
276
484
197
70
6
360
195
122
204
96
281
9
373
184
275
270
284
8
451
56
50
280
344
421
434
554
337
53
25
281
195
267
118
197
124
271
109
152
25
252
263
441
2
92
343
276
248
44
241
221
487
134
84
90
160
317
255
92
116
36
402
449
388
121
269
171
15
137
195
353
329
96
137
460
61
618
159
432
21
15
28
35
71
86
231
139
146
138
152
145
427
46
157
260
364
410
5
110
390
74
326
191
313
412
578
300
56
240
201
189
148
126
599
330
72
66
97
149
224
56
45
173
618
470
390
58
253
153
7
163
567
231
407
39
169
351
125
326
416
23
485
127
224
408
337
350
37
617
34
141
182
137
193
345
42
198
55
192
207
248
295
94
70
404
435
62
87
18
123
40
9
46
395
103
7
101
336
560
74
15
426
97
193
370
210
42
229
508
142
169
330
152
62
352
138
1
78
502
227
195
147
159
255
175
499
372
55
165
89
169
200
433
52
158
25
350
50
123
240
395
179
154
461
345
142
207
237
477
79
95
459
4
102
375
524
217
160
63
129
193
189
259
276
158
101
5
91
4
293
166
353
61
244
3
87
185
506
63
139
82
493
137
154
124
10
568
9
440
372
100
388
365
13
163
104
182
173
64
192
485
513
372
307
53
162
333
328
422
77
193
250
112
147
165
71
99
183
241
249
51
420
43
154
225
15
183
201
97
43
28
148
246
88
420
249
468
375
379
106
209
226
103
450
317
55
44
147
299
68
32
195
2
350
4
296
74
380
58
396
261
82
306
382
135
92
484
324
136
181
282
68
108
177
147
102
514
471
87
420
8
317
241
124
184
81
311
141
88
402
175
146
58
334
588
258
31
443
373
9
38
387
106
351
176
401
526
18
57
245
38
90
467
114
427
131
51
31
587
46
287
221
248
33
74
582
334
198
90
105
215
349
121
413
411
85
54
437
531
202
3
417
57
254
525
245
282
374
24
33
136
291
225
215
278
87
278
500
109
398
123
134
24
121
426
16
40
423
251
96
10
81
86
35
22
494
172
135
165
183
349
180
271
222
481
243
68
280
71
109
93
127
279
201
349
138
284
384
490
28
145
300
233
135
112
111
62
30
323
458
179
23
371
77
116
529
197
48
209
36
37
94
217
280
193
107
143
43
19
361
181
441
40
129
181
94
107
231
108
208
314
94
58
32
78
22
240
449
196
117
176
115
165
56
207
521
56
318
27
371
353
318
118
152
224
136
372
201
69
55
132
439
486
179
228
12
286
397
19
49
77
167
5
79
75
261
56
163
178
173
395
269
521
57
94
100
106
31
258
5
7
211
321
508
101
226
199
48
144
195
443
227
218
37
144
19
240
203
304
16
98
109
263
8
269
528
404
263
385
227
86
164
636
148
507
401
183
252
114
228
108
418
6
236
560
90
86
392
185
171
74
33
515
186
275
43
370
329
155
26
189
84
24
370
344
347
435
48
187
80
219
64
279
129
262
513
78
456
4
123
121
195
496
222
298
171
165
417
307
134
520
221
61
460
93
34
179
112
276
145
58
20
390
4
330
161
561
324
80
212
66
243
561
76
34
329
129
524
494
121
250
346
207
240
77
34
133
146
37
585
50
169
442
112
181
46
306
373
82
35
361
319
470
208
17
13
222
451
67
363
136
532
218
100
374
22
507
120
251
28
400
260
107
51
251
202
476
29
244
42
24
85
94
80
324
376
23
155
54
93
32
68
31
574
38
276
138
3
201
193
43
224
295
342
155
196
210
475
71
167
211
29
148
509
173
378
216
173
172
153
219
243
141
277
152
8
288
244
89
182
108
234
204
254
389
154
110
409
88
31
107
241
298
145
125
462
490
546
124
234
336
40
99
247
283
103
91
38
80
375
261
71
19
267
254
646
118
102
277
230
218
49
19
112
133
226
200
76
213
443
468
48
447
166
160
338
186
453
397
96
351
282
152
199
344
38
489
282
224
268
277
294
138
414
628
3
456
274
167
319
15
386
224
296
135
64
123
385
121
568
133
175
270
287
363
5
74
183
167
271
366
292
212
181
199
65
8
18
500
344
66
139
42
451
139
177
39
151
605
167
198
187
115
178
76
49
122
53
1
65
300
76
8
471
223
126
301
227
152
254
214
508
17
103
20
484
188
19
150
422
306
83
27
8
123
200
80
461
309
111
153
31
117
337
393
14
442
76
404
4
314
211
97
274
64
557
24
316
13
79
96
376
191
30
30
250
280
132
438
207
328
387
371
233
165
73
237
110
144
98
464
350
11
422
184
11
100
389
208
411
253
2
310
106
261
52
188
247
5
141
74
385
190
254
289
255
427
46
158
342
496
105
58
199
409
467
145
245
133
57
546
1
462
448
3
100
320
122
262
34
2
211
65
156
60
227
13
579
156
237
209
7
490
514
239
43
176
275
60
328
224
306
95
424
28
1
49
341
541
3
172
161
516
293
535
365
148
70
102
215
53
595
444
5
71
62
386
505
130
59
90
300
51
308
187
262
354
33
76
355
253
131
159
233
331
28
145
398
360
306
35
52
63
115
338
10
320
39
187
135
297
144
421
230
242
363
292
8
256
134
287
563
42
354
365
197
467
330
91
245
46
108
123
90
422
484
387
164
195
82
337
99
57
49
353
170
259
270
137
267
111
197
190
360
399
79
104
189
389
115
551
47
551
98
25
603
52
181
503
97
18
421
189
249
223
55
394
64
214
34
120
59
161
256
226
23
342
323
42
238
305
323
266
590
87
451
466
221
150
71
392
243
405
474
10
18
294
45
25
410
268
18
76
322
403
172
217
67
3
178
50
148
93
617
73
43
223
543
212
70
367
216
397
412
394
3
241
176
524
4
207
259
162
303
92
80
210
210
358
287
7
277
507
511
48
558
194
239
614
299
436
226
219
358
1
153
206
258
1
25
113
325
455
123
68
464
296
99
209
117
122
205
109
206
219
265
62
146
445
165
7
126
178
179
474
55
310
148
187
559
284
31
359
202
14
363
369
559
76
398
302
329
79
201
477
10
10
348
31
399
82
68
46
441
192
52
119
270
377
213
213
101
4
485
256
492
35
142
306
142
110
151
293
29
366
214
464
354
355
485
206
307
26
434
56
411
8
161
123
97
413
142
12
501
44
397
31
361
346
378
55
303
256
224
69
74
193
569
161
472
76
172
69
421
215
254
300
306
262
343
209
207
111
18
98
270
79
193
417
169
284
240
61
178
257
330
74
283
240
120
576
347
163
146
109
124
216
106
125
111
275
428
346
158
139
67
341
351
449
393
225
333
394
78
260
79
54
176
295
21
154
85
446
293
435
176
153
213
29
110
25
60
484
283
365
199
253
126
346
196
210
94
188
343
189
105
18
399
16
452
115
6
445
69
280
45
169
38
513
523
431
173
4
303
65
316
513
500
202
414
420
73
243
88
160
154
295
254
18
601
294
160
51
165
6
138
270
57
13
242
242
155
323
25
150
416
402
278
297
258
438
93
84
127
67
1
200
151
117
480
87
44
266
149
269
317
231
101
206
240
82
144
308
93
478
60
167
191
289
7
56
434
265
301
257
332
113
163
157
11
177
7
172
11
3
562
90
113
231
171
282
84
2
456
385
271
538
132
95
124
364
492
95
169
523
328
243
157
112
97
131
194
206
85
186
8
193
30
7
144
379
131
255
183
135
202
377
434
290
195
142
146
362
88
71
262
89
438
54
136
51
5
43
189
330
215
178
218
275
56
27
408
279
231
489
33
310
103
174
66
271
82
319
564
227
253
129
141
298
265
132
361
441
239
181
151
320
317
561
178
26
59
81
194
69
372
360
256
143
160
137
8
290
239
52
414
51
46
153
113
36
7
81
103
50
54
368
326
390
128
15
133
169
159
422
203
217
230
46
10
395
12
87
452
39
203
200
439
213
245
211
23
56
151
358
632
151
435
98
332
353
451
174
583
42
270
19
60
10
53
110
157
275
562
223
102
102
185
42
132
124
505
223
375
44
271
601
46
36
204
50
287
350
163
238
177
369
213
42
373
153
225
562
85
3
209
173
422
476
40
21
43
155
70
313
264
151
58
9
223
31
34
136
227
535
188
140
16
86
401
289
385
163
262
69
412
439
23
113
67
147
82
43
6
610
41
204
373
143
144
95
234
59
447
601
62
376
196
392
145
448
258
374
377
458
144
6
427
146
120
411
23
40
23
52
326
475
14
156
225
501
531
76
314
457
189
31
22
99
160
521
65
84
187
192
165
221
268
417
304
219
77
170
334
77
3
120
378
537
142
188
233
103
88
3
391
96
264
306
552
127
301
339
380
222
148
71
506
330
84
570
74
332
58
79
509
212
302
276
56
70
115
54
552
116
139
160
39
14
256
350
36
66
372
217
191
116
23
162
564
570
261
184
299
229
125
446
561
305
50
402
34
32
184
396
432
370
396
494
95
329
201
39
56
65
165
38
304
36
80
134
123
103
208
34
242
271
267
272
39
201
254
318
114
127
82
39
109
71
306
640
318
225
288
283
345
378
406
329
457
110
164
367
304
49
487
29
155
216
301
288
523
379
504
65
359
391
120
163
299
14
120
352
261
317
526
250
5
378
473
92
486
433
25
19
530
140
24
140
573
201
153
418
265
417
234
231
403
257
238
353
25
357
147
30
120
102
107
61
93
29
43
32
217
222
341
56
8
51
386
424
193
159
257
270
264
34
319
143
275
299
389
108
48
119
480
440
53
188
369
8
517
1
143
73
620
254
560
245
136
446
91
396
186
193
267
47
32
11
85
43
203
100
160
97
83
550
554
115
80
40
50
405
66
135
440
178
41
29
46
263
347
278
81
83
52
291
207
203
486
404
241
248
303
55
404
301
256
412
111
285
86
168
449
177
197
132
133
77
422
583
278
231
224
21
295
394
13
243
285
517
139
61
82
417
52
521
39
229
585
114
499
77
282
280
113
11
516
468
189
133
69
23
544
98
354
90
311
55
79
111
237
190
564
47
356
611
397
75
258
101
170
4
277
82
391
215
116
43
278
299
380
53
228
340
302
276
413
78
77
65
387
105
266
265
236
385
192
118
12
125
46
102
43
292
607
355
405
190
369
225
282
8
364
306
492
250
16
186
71
7
405
446
45
210
458
167
151
121
375
154
160
161
134
145
77
179
108
84
22
493
337
34
285
86
469
470
46
485
286
174
464
205
201
21
380
260
69
248
206
12
36
204
129
192
245
151
249
8
186
193
90
413
126
155
126
345
309
361
58
93
86
494
386
328
326
36
18
105
466
295
194
93
310
258
220
225
285
43
303
194
327
261
248
247
94
239
105
234
420
164
437
510
373
123
311
302
118
94
76
188
17
267
199
559
234
262
391
93
189
155
79
297
512
204
117
110
284
176
10
450
347
157
68
146
311
267
73
299
18
261
86
204
435
33
454
609
259
132
486
229
30
319
41
189
75
318
200
467
243
5
281
32
70
211
154
147
64
494
140
144
179
200
46
63
169
347
267
125
254
103
502
362
534
101
230
10
126
70
58
180
457
298
297
106
393
286
282
315
31
272
284
34
148
207
190
155
181
32
95
283
294
209
300
102
106
131
39
114
494
71
120
112
57
100
145
162
99
70
418
329
365
267
39
301
71
344
296
114
261
95
5
5
270
142
38
173
515
171
464
115
68
336
48
185
255
220
107
148
145
7
57
84
85
135
90
85
227
91
68
53
145
74
37
312
62
212
150
293
548
242
144
298
265
9
317
100
287
507
106
449
151
58
112
376
353
12
220
72
47
632
35
135
306
24
97
118
25
451
131
93
76
174
38
382
388
58
541
146
545
361
41
211
22
16
197
352
256
49
482
291
214
203
138
292
67
428
135
168
34
414
48
130
57
73
33
524
339
55
234
81
145
357
145
96
16
354
192
164
364
141
598
156
554
406
164
133
388
52
201
147
371
231
315
114
82
373
57
344
599
233
243
158
104
33
271
89
65
605
23
333
133
7
495
79
155
8
432
142
64
18
104
548
391
73
539
239
176
289
96
388
99
283
26
204
274
167
379
94
319
123
100
13
309
104
133
449
242
305
188
220
294
419
242
319
269
368
284
203
281
57
153
166
301
22
290
128
415
307
215
460
380
239
361
31
329
83
73
439
116
276
152
166
616
132
453
16
428
205
422
410
142
537
124
275
302
45
74
447
374
297
30
384
108
453
308
189
69
152
241
194
263
169
83
433
54
411
178
117
559
253
90
179
525
50
256
379
34
218
52
166
133
79
298
322
493
20
155
57
177
305
381
349
238
176
63
69
99
270
189
1
407
42
59
595
342
247
350
33
233
616
78
23
381
18
465
48
416
268
215
109
509
212
42
90
98
63
314
167
80
257
147
352
261
37
165
52
207
134
132
163
33
244
418
61
326
165
281
34
280
159
67
7
72
292
180
11
177
208
238
272
56
208
326
8
595
38
133
247
419
91
172
281
398
229
466
86
142
227
150
24
198
340
67
249
81
25
92
154
259
173
338
155
339
91
351
65
81
574
292
204
103
76
141
20
258
21
174
216
130
361
56
269
216
441
107
498
185
19
60
34
148
539
306
475
34
34
90
250
55
14
500
376
25
362
252
314
9
28
133
286
161
241
29
140
304
46
323
166
86
75
525
134
442
30
243
190
134
214
255
120
54
83
236
64
237
341
115
173
120
46
244
20
515
408
131
604
22
101
260
152
99
218
583
157
154
370
498
311
84
579
97
136
24
100
11
268
541
64
398
142
99
306
54
324
490
113
331
139
523
213
231
176
529
142
116
112
200
18
242
401
88
5
126
125
170
490
164
490
5
99
232
118
162
49
6
62
331
39
200
226
3
97
279
448
363
245
391
126
194
148
41
286
256
60
195
84
91
357
78
11
210
16
49
56
223
208
379
3
40
101
111
196
291
74
97
152
297
279
121
232
378
142
55
494
128
199
451
214
209
235
349
454
114
18
101
138
6
169
226
381
560
359
407
66
321
132
60
22
460
521
354
333
340
100
55
25
139
130
289
107
136
393
452
221
327
9
173
218
153
444
272
93
70
246
470
296
520
270
140
14
182
185
104
235
341
124
241
277
385
487
116
271
159
180
480
95
362
394
258
440
120
64
325
531
173
194
125
512
231
135
432
530
67
226
446
168
295
30
232
327
256
16
429
80
298
295
71
146
487
138
478
144
67
551
199
45
540
424
58
155
460
211
456
27
98
503
269
58
322
564
296
175
178
99
169
199
71
47
410
73
551
393
11
275
185
33
148
60
252
65
224
80
544
1
48
191
77
249
65
4
376
321
199
16
108
26
326
1
223
325
141
4
222
391
19
124
62
107
64
376
79
399
308
280
385
234
430
478
445
70
186
134
155
46
90
494
195
314
126
146
543
271
566
128
224
253
382
136
68
213
64
105
159
221
479
391
487
385
274
113
133
98
177
349
74
192
70
40
312
191
507
111
31
372
367
159
139
371
46
31
343
504
317
535
74
236
147
56
38
70
56
289
382
512
16
241
129
97
212
45
287
210
131
264
467
73
113
74
355
264
397
42
54
79
53
121
50
391
128
256
391
184
50
14
192
289
516
220
85
40
209
111
220
388
198
161
21
190
31
281
336
58
381
538
169
246
77
441
47
497
150
411
64
406
43
632
260
199
88
343
51
30
347
27
444
182
120
523
75
448
233
131
109
185
437
81
55
37
32
53
467
201
583
522
187
153
521
262
532
22
466
62
320
4
254
184
263
220
98
481
361
193
302
228
516
514
22
404
95
284
367
176
54
298
110
89
31
52
168
138
94
448
36
178
371
472
178
412
127
265
200
209
301
255
276
159
5
153
10
352
220
482
183
262
76
250
150
368
128
366
631
106
161
172
57
3
288
428
307
375
48
297
35
498
6
162
307
41
245
101
72
86
339
91
235
471
81
82
391
290
68
268
22
116
18
124
30
600
204
444
281
392
273
105
131
425
232
323
53
58
155
248
17
409
32
469
302
336
529
1
255
342
475
154
249
116
19
284
392
210
228
242
64
330
262
41
311
51
137
84
317
471
51
73
150
353
312
24
82
349
234
90
279
201
398
482
267
422
456
132
72
251
395
17
302
394
390
238
38
80
15
326
159
92
482
138
8
336
268
600
2
118
368
319
195
228
247
43
431
305
134
178
211
153
259
9
517
179
198
426
141
210
90
243
205
202
81
32
435
278
226
132
281
343
126
126
271
139
56
5
291
55
62
161
27
367
164
295
38
137
227
142
361
3
190
459
430
385
280
597
134
532
252
175
289
311
80
228
128
44
185
232
276
488
490
110
106
57
43
489
20
231
470
215
36
282
57
362
266
231
432
135
133
178
375
547
189
542
161
270
350
212
133
185
296
42
115
453
390
224
6
300
458
205
550
116
32
11
169
55
15
329
413
398
313
96
303
338
61
141
196
211
153
345
239
484
96
388
216
145
334
436
101
145
459
106
81
421
137
28
312
138
375
91
270
74
326
19
37
78
399
426
254
140
73
44
345
460
63
424
143
62
107
192
253
50
201
531
169
85
47
436
87
48
151
236
17
41
308
504
8
507
242
10
204
63
207
72
321
126
23
168
115
102
592
81
199
519
77
50
60
101
315
190
296
384
79
253
128
157
331
262
363
9
240
133
454
65
246
582
33
330
419
80
275
126
93
250
201
133
360
118
231
432
507
51
39
234
123
39
88
275
26
114
196
194
173
88
157
480
147
175
44
496
137
393
187
306
343
507
373
366
434
51
235
395
627
92
26
279
185
431
368
287
89
90
338
283
333
365
425
300
314
192
359
299
247
51
20
459
486
336
147
131
424
299
75
54
167
408
37
265
482
28
151
426
313
130
106
174
189
116
334
163
205
506
233
357
323
82
543
50
67
249
71
140
227
143
12
78
228
208
92
307
43
349
245
68
100
13
291
11
27
621
12
17
525
238
131
257
365
334
160
518
167
128
184
23
398
200
392
373
191
320
110
156
71
363
171
373
19
209
56
375
287
378
1
90
84
495
78
7
96
11
7
288
193
258
471
268
339
94
58
74
13
23
133
311
240
164
383
396
504
9
385
384
340
230
8
323
1
126
144
44
147
328
6
488
223
472
71
163
219
308
357
217
327
213
51
150
183
37
316
330
350
138
158
276
263
168
46
215
114
532
47
149
101
97
333
555
244
430
295
34
224
139
384
175
177
82
443
134
36
317
45
350
182
341
147
544
49
80
436
237
94
163
472
32
238
439
130
162
251
330
578
190
177
22
309
196
105
183
207
225
75
10
286
219
192
346
115
154
87
156
359
10
301
376
13
323
241
259
183
70
155
379
238
52
142
262
170
103
200
11
215
527
384
74
40
200
86
111
176
480
475
158
188
116
408
293
178
242
79
302
468
234
260
600
273
36
5
111
33
140
334
147
66
241
382
88
219
465
280
366
313
18
599
312
139
65
267
394
126
100
339
412
34
140
92
476
78
337
130
196
236
97
52
140
160
190
13
244
401
426
136
376
162
337
121
318
84
94
52
81
338
259
39
283
223
26
236
73
16
172
39
19
145
116
172
76
221
278
55
561
184
132
475
199
487
384
40
70
366
354
93
271
370
13
48
252
423
434
65
138
19
284
18
575
143
55
572
182
288
340
262
232
118
62
6
97
40
10
227
18
434
17
148
416
129
448
215
422
15
105
207
12
4
323
51
263
417
296
125
16
143
44
385
217
182
226
353
185
35
280
66
45
285
125
104
229
210
444
306
130
323
386
82
11
197
381
127
138
83
247
186
369
223
184
235
70
197
453
56
120
541
564
79
236
134
140
453
56
474
369
386
302
216
17
316
81
86
28
535
58
361
618
269
220
502
6
84
245
390
107
426
134
130
312
401
282
299
526
261
596
434
91
130
64
207
59
24
105
152
193
353
40
145
146
78
396
385
57
456
363
50
36
122
512
559
212
256
266
17
50
341
61
195
355
221
359
28
277
256
391
56
427
222
501
263
369
150
250
300
121
218
270
120
461
264
316
335
116
356
289
465
325
125
58
33
521
235
537
173
251
442
1
231
180
161
297
511
281
56
145
81
41
163
6
454
343
164
31
232
532
216
385
381
237
271
424
419
222
264
142
46
318
566
504
128
84
144
53
86
171
287
361
21
52
77
277
108
119
290
104
108
314
399
331
396
40
222
137
472
110
320
137
528
28
511
211
631
307
48
50
126
72
83
287
209
69
343
70
472
179
114
53
128
5
2
10
286
243
139
157
195
582
75
232
373
261
268
300
300
64
24
474
7
61
17
515
89
346
70
226
337
358
178
373
23
318
225
223
15
88
143
200
277
311
16
398
141
317
483
346
355
105
302
280
42
107
226
441
12
225
17
511
129
229
80
37
45
77
391
423
135
34
20
247
169
397
2
279
148
79
207
215
51
472
423
244
81
408
68
129
326
170
47
2
101
95
26
69
205
110
309
344
61
147
411
269
287
197
181
121
128
171
316
360
115
356
26
48
560
207
1
9
295
101
393
133
187
25
388
263
439
351
222
143
37
249
108
71
2
188
11
370
66
384
207
79
428
165
434
299
147
276
164
166
243
316
197
224
37
166
61
165
148
501
16
107
141
444
376
466
115
241
114
15
125
201
244
232
160
390
264
73
204
68
566
151
192
147
416
297
320
212
130
171
82
198
482
108
132
189
378
2
344
23
354
13
507
304
200
356
132
227
449
3
35
141
209
190
405
167
353
177
243
19
145
112
56
63
189
462
13
308
99
322
509
62
251
337
344
166
125
11
279
36
132
281
261
608
276
168
104
482
178
146
518
291
163
61
406
53
174
125
442
49
349
222
454
153
174
17
37
600
262
218
89
410
21
60
84
129
447
13
76
352
187
567
50
271
30
94
119
127
203
321
464
307
160
32
29
178
65
44
185
110
258
436
541
406
20
217
156
246
396
301
152
492
178
230
240
146
90
4
84
152
50
59
8
21
93
519
103
163
388
248
36
77
80
303
337
503
181
191
203
276
147
399
340
192
152
34
185
214
51
363
173
289
136
307
339
34
337
522
82
219
286
517
156
186
46
456
116
360
10
481
118
49
24
78
108
129
18
221
286
12
279
34
144
247
386
211
113
317
17
429
467
243
123
171
428
432
46
459
350
422
126
311
142
315
249
25
242
81
166
270
57
306
548
184
327
1
228
459
313
154
228
70
66
184
146
77
174
229
88
329
79
172
237
271
227
51
41
127
77
311
66
48
472
528
92
224
351
149
292
178
27
57
203
228
496
25
295
201
139
497
287
3
396
413
7
208
224
6
197
97
99
68
193
204
160
193
277
349
370
272
333
607
460
81
456
131
57
59
52
128
500
21
219
245
14
538
182
406
32
5
288
97
22
252
229
502
58
234
264
203
495
117
244
95
457
201
368
7
429
328
35
58
221
578
177
83
187
143
349
452
35
270
36
316
8
41
345
348
30
130
251
191
17
440
239
128
147
34
9
206
51
180
32
533
214
211
244
472
202
364
526
243
245
34
12
40
48
230
275
501
503
312
458
234
202
196
30
202
90
342
32
53
93
500
165
268
282
497
140
301
106
134
146
19
287
103
394
256
210
318
526
251
300
127
64
181
115
179
98
371
39
73
92
309
50
62
288
497
9
198
287
229
160
184
114
602
81
54
158
515
262
568
554
220
288
22
407
223
373
382
156
639
409
9
180
375
92
426
161
88
43
129
113
294
373
567
51
327
12
28
14
27
159
340
165
316
342
594
283
485
268
131
410
295
138
157
302
437
124
185
560
155
430
150
78
91
33
316
168
212
288
119
174
318
209
184
112
385
334
431
106
96
165
177
605
12
523
172
423
316
148
75
443
268
313
139
33
246
44
61
108
223
264
248
18
235
65
235
215
19
331
135
434
4
15
233
107
107
18
163
60
68
144
15
256
377
450
53
382
238
131
464
82
91
167
255
266
15
536
245
40
343
387
2
255
492
86
155
413
235
127
198
373
89
186
118
14
300
563
275
140
66
419
241
72
79
273
183
226
48
521
127
143
18
160
358
15
313
231
240
31
143
302
243
60
97
146
424
85
29
264
80
181
37
57
192
174
347
204
113
103
216
287
245
290
163
434
453
240
57
234
86
38
21
426
180
332
294
185
434
355
180
63
159
153
137
259
10
569
236
311
181
108
5
49
112
28
224
397
154
172
105
315
244
326
62
299
213
342
524
186
91
253
515
568
57
576
3
140
67
299
42
243
216
1
76
338
383
262
72
53
56
136
338
248
341
14
188
220
89
322
363
326
109
50
130
131
328
416
90
236
211
15
144
239
263
394
36
34
380
38
42
204
268
155
205
311
305
78
338
50
391
440
337
56
409
569
236
1
224
26
69
454
48
200
198
187
150
18
220
291
286
506
417
169
207
182
446
15
79
185
27
503
12
60
512
427
189
220
66
230
107
3
274
98
184
487
142
288
215
314
62
226
445
391
185
373
332
188
297
358
240
81
188
184
266
39
282
60
184
189
122
226
95
51
368
485
449
53
146
535
89
347
26
249
283
352
390
216
107
329
240
440
66
288
340
113
203
201
384
202
69
210
361
64
93
71
552
354
528
161
104
42
277
146
532
198
314
551
212
62
115
378
2
388
27
104
33
13
240
22
113
117
130
405
400
418
211
74
405
330
227
33
46
390
61
70
12
53
17
258
487
229
175
125
225
110
235
149
344
342
153
89
201
377
19
144
88
369
39
260
208
163
363
422
409
497
349
326
149
145
61
367
286
284
313
11
263
540
6
122
13
177
284
47
49
13
514
274
385
32
221
133
358
54
77
111
187
568
249
625
196
327
186
538
62
157
515
84
249
199
100
337
251
619
525
290
566
229
256
160
5
317
27
221
548
381
507
157
290
43
276
109
25
19
39
179
290
335
549
554
460
49
66
30
2
227
13
23
24
342
246
104
164
202
376
229
16
240
183
488
129
84
202
299
26
101
72
77
237
90
455
117
86
295
222
413
235
261
309
268
426
17
60
428
193
263
378
209
20
388
204
562
336
246
353
62
431
171
410
119
30
378
102
288
141
519
117
142
185
211
527
433
276
20
110
283
384
280
198
84
86
352
3
3
36
395
136
6
322
77
257
67
456
27
166
55
113
76
236
79
83
281
40
44
25
481
315
154
387
119
373
65
176
188
226
65
198
393
239
206
569
159
274
345
42
17
55
174
46
252
108
22
146
251
177
284
100
84
20
38
512
471
597
227
313
35
3
64
254
280
355
465
29
41
27
551
84
196
418
76
245
118
133
39
82
23
219
4
242
272
299
140
314
345
427
229
540
20
329
118
415
57
20
27
459
172
615
189
144
202
321
51
274
260
376
225
290
175
321
489
152
254
111
99
301
462
286
463
117
105
408
262
482
267
42
190
98
148
399
247
72
28
75
344
131
180
334
9
341
106
40
136
78
122
29
287
510
373
41
136
334
190
518
43
163
43
448
3
331
205
227
61
323
201
291
287
391
136
108
38
324
14
329
23
80
542
121
12
32
609
400
439
556
114
357
518
181
115
65
298
248
418
226
544
186
8
338
239
338
166
355
95
232
327
51
382
236
3
78
395
436
354
59
128
310
179
118
209
317
129
332
244
37
67
99
61
495
226
256
219
120
324
54
172
436
423
169
29
158
348
358
43
481
327
62
123
80
111
295
280
98
275
178
358
66
169
467
106
59
105
103
357
138
118
18
290
196
58
2
38
186
303
77
395
383
30
15
510
20
62
236
106
240
182
77
360
270
11
531
474
429
584
467
45
196
145
296
434
301
52
533
117
361
48
43
161
275
506
393
135
297
74
318
402
96
446
203
4
223
474
576
318
176
121
25
234
104
377
349
13
375
408
32
17
185
35
131
484
138
196
301
49
555
257
464
242
216
143
2
373
605
405
549
67
28
232
83
185
85
174
192
251
298
161
3
313
288
458
353
53
23
38
301
192
13
104
66
489
270
196
432
1
219
160
70
398
188
27
408
315
419
153
376
200
19
374
58
280
547
81
86
36
326
408
368
62
350
57
131
309
196
174
235
540
233
288
79
398
255
234
112
298
287
566
401
232
142
322
336
13
44
71
458
223
322
358
320
54
261
117
452
213
360
423
549
386
115
558
103
196
323
234
251
253
584
251
5
52
78
182
368
155
139
3
226
179
99
140
496
354
300
186
341
233
153
53
83
53
10
495
59
143
135
134
12
500
549
626
269
63
256
12
3
153
101
216
130
334
29
332
5
297
191
102
216
413
307
402
150
325
74
68
28
74
65
203
473
38
118
231
65
71
4
330
473
2
103
6
25
147
215
130
25
112
76
366
299
117
197
260
451
240
82
265
361
313
138
204
232
78
419
18
400
402
108
377
63
595
168
335
117
171
86
40
307
51
232
237
262
444
34
538
557
1
149
362
51
12
236
66
224
187
48
262
378
28
303
371
245
149
155
62
458
168
462
402
32
8
239
195
151
103
19
354
28
274
485
21
590
589
167
98
139
181
90
89
309
275
153
48
89
49
320
43
136
215
308
425
205
392
97
296
340
136
125
10
235
416
138
23
206
230
300
110
160
6
165
283
187
276
342
113
126
79
107
552
194
47
130
15
293
130
113
47
357
474
525
57
157
174
594
70
181
203
183
56
37
482
65
170
290
2
225
6
157
212
181
96
27
360
272
148
248
89
363
571
47
141
75
318
77
10
248
70
240
493
321
48
458
405
26
402
178
311
286
325
101
283
201
448
20
239
224
6
225
323
66
317
161
187
416
270
421
146
114
1
46
171
557
463
422
394
66
235
149
44
154
87
215
290
258
405
545
439
550
62
214
7
470
226
141
135
125
243
69
452
232
19
271
147
542
296
207
261
469
7
35
49
63
426
91
480
425
32
197
189
55
9
239
408
108
421
87
66
170
145
390
254
206
314
250
306
182
585
151
28
59
23
181
178
551
229
65
15
89
275
4
209
138
51
68
124
111
376
101
218
71
164
176
168
224
178
30
473
362
440
185
29
362
343
329
165
288
287
354
222
55
599
74
320
580
179
200
98
58
48
276
4
186
35
124
116
315
406
167
192
219
262
96
107
145
339
76
126
160
286
1
397
194
264
474
407
71
441
10
24
180
290
514
272
202
367
164
76
47
178
63
40
475
59
276
8
29
380
160
188
120
67
108
387
133
160
103
61
357
246
71
431
87
9
276
436
108
426
331
473
126
97
194
316
253
227
44
424
446
44
197
39
494
80
216
10
431
290
185
111
140
302
46
22
72
31
561
64
98
294
334
232
7
105
275
461
50
200
171
361
437
101
179
544
60
231
261
118
83
3
221
372
249
275
114
263
171
263
4
192
44
187
209
88
85
391
348
411
170
323
194
179
526
347
58
50
372
245
86
269
18
157
40
252
68
389
248
120
14
287
27
133
220
141
177
57
183
6
47
66
171
262
109
27
194
96
120
126
339
10
80
31
45
243
428
204
504
168
39
385
501
256
9
116
260
204
234
385
142
385
75
352
113
249
164
224
225
89
225
316
109
421
595
427
49
110
331
538
115
143
599
39
379
215
85
320
415
332
318
232
147
382
115
410
317
365
73
32
102
201
333
171
197
77
609
481
132
188
51
11
460
222
93
367
57
249
546
150
390
390
470
63
462
196
99
42
537
77
6
471
15
160
271
447
341
258
94
63
205
96
425
11
28
68
112
111
166
180
371
421
423
43
269
10
270
183
351
239
276
403
316
371
437
482
7
221
392
301
162
33
241
284
293
254
270
264
126
5
20
149
285
456
213
267
23
33
502
336
292
51
65
78
424
354
221
165
196
105
24
72
36
209
511
46
437
221
435
237
73
26
168
260
91
4
319
314
456
149
30
67
342
366
240
306
226
260
401
347
60
213
5
297
204
45
303
54
59
321
4
465
119
272
127
229
168
323
82
245
439
475
466
64
147
14
186
171
313
203
104
104
454
250
439
301
148
271
65
341
152
372
135
121
105
525
110
67
225
140
90
251
258
207
146
226
373
200
266
203
1
382
331
22
88
318
196
250
148
184
105
261
135
289
91
38
476
208
364
169
320
68
560
158
337
344
13
81
565
370
415
368
248
246
375
270
417
54
10
496
133
86
515
334
260
94
273
150
1
268
55
17
328
571
73
7
124
238
72
50
110
292
234
17
462
266
296
318
292
333
318
368
422
24
542
48
19
29
133
42
470
469
87
129
114
399
334
10
170
260
227
140
5
368
248
12
11
226
163
319
136
384
299
181
580
80
391
288
24
87
459
320
360
107
220
159
291
240
22
299
162
366
182
287
375
97
250
414
92
65
109
29
42
330
280
149
147
569
185
96
71
265
188
282
197
358
241
95
60
107
225
78
390
284
51
389
172
483
55
55
97
433
177
428
335
218
296
186
228
175
60
208
299
413
51
262
236
6
344
122
331
512
362
238
459
275
524
167
19
240
2
211
578
235
234
8
418
343
46
102
36
253
389
61
50
335
70
30
317
564
102
215
188
405
31
250
265
464
203
59
482
115
399
47
76
183
513
361
260
145
4
56
412
65
145
408
76
104
37
231
345
209
135
269
588
27
21
91
204
278
78
491
118
252
8
343
143
281
16
384
208
151
46
583
105
202
164
301
218
30
24
304
180
62
161
279
64
213
257
478
12
46
215
199
107
401
307
65
163
268
407
65
102
396
212
337
483
525
104
413
44
373
137
195
6
363
391
12
30
205
155
413
537
451
158
210
462
322
277
42
281
131
368
291
419
296
241
316
35
525
184
373
86
327
74
245
117
150
370
195
8
77
48
91
94
38
467
85
168
570
271
188
31
236
62
118
87
360
41
461
82
475
492
335
239
488
427
53
134
218
75
230
137
61
397
84
165
139
339
246
92
26
618
329
354
184
213
9
254
43
329
24
38
305
31
30
24
127
13
1
280
136
333
446
464
179
140
10
444
576
116
62
208
251
184
270
175
349
184
63
231
102
12
162
120
192
606
93
74
361
11
48
68
192
385
186
130
45
368
113
193
263
428
79
588
71
84
411
611
218
231
334
57
212
220
153
2
89
296
496
207
173
336
341
100
219
310
240
200
31
89
8
284
72
78
234
14
212
290
392
65
290
47
351
97
93
74
68
21
350
64
244
131
62
544
64
30
135
317
527
168
259
326
362
40
44
338
154
91
210
465
52
51
66
132
84
184
272
153
271
119
457
121
20
206
441
93
46
448
324
11
213
310
453
51
147
177
40
260
496
168
112
123
97
122
401
181
177
2
315
25
29
209
79
261
117
213
283
43
42
193
218
252
398
85
164
393
124
433
44
268
84
254
120
271
211
146
25
199
361
144
436
175
76
531
231
58
437
512
77
11
229
278
26
208
176
148
247
339
210
441
611
55
483
79
201
350
73
248
227
55
386
344
160
308
28
72
116
159
3
167
76
8
174
117
50
31
359
222
154
156
493
577
13
44
73
181
533
135
7
189
435
173
178
178
292
385
75
456
25
373
25
10
434
376
402
232
202
150
117
362
380
572
71
437
116
47
63
46
303
481
447
545
517
458
19
74
361
71
130
118
22
287
248
95
476
280
5
359
255
260
167
257
192
103
60
324
162
88
232
346
578
337
298
115
357
199
91
5
98
213
93
176
144
522
253
363
341
89
188
15
64
3
213
45
100
207
155
16
411
6
31
225
7
289
284
350
85
287
60
241
27
247
74
506
164
213
136
205
263
282
356
108
423
277
407
409
112
260
266
198
192
149
387
193
89
335
233
559
52
129
253
127
142
94
516
31
323
266
93
156
254
400
362
88
272
31
44
169
482
363
137
2
48
255
334
29
359
175
118
98
81
34
384
391
483
170
278
113
92
36
65
595
272
139
336
351
71
146
8
259
313
224
357
197
256
16
344
20
56
91
263
436
111
147
243
252
204
521
174
140
567
451
324
36
126
326
30
19
195
419
75
22
95
38
434
221
332
38
261
89
22
47
325
119
184
55
76
548
266
309
83
187
170
19
112
83
161
125
43
451
115
235
132
357
263
213
112
305
225
67
63
264
170
279
27
63
456
122
410
198
260
391
182
112
253
170
379
129
25
324
413
255
27
172
522
108
643
341
599
275
437
181
258
192
110
177
365
77
248
144
240
254
309
136
322
144
477
166
32
13
225
282
13
68
49
41
82
321
512
212
313
138
639
263
33
264
392
238
405
26
19
105
201
156
44
262
10
110
208
239
214
145
8
382
80
28
31
391
139
537
232
515
180
393
294
425
51
53
111
110
410
185
373
160
137
277
73
114
356
306
22
204
261
81
371
382
74
445
280
269
20
255
349
214
321
89
19
209
175
1
143
162
341
478
29
91
286
134
109
46
236
60
13
82
56
19
45
146
151
345
124
199
58
44
199
71
195
148
49
131
411
223
346
197
260
48
336
175
280
110
103
148
19
32
159
111
134
179
151
425
83
40
327
205
431
159
599
31
209
83
390
572
350
244
81
39
167
136
172
230
200
42
357
79
21
31
256
23
51
455
522
326
317
132
68
5
222
209
69
562
96
140
577
331
501
372
105
48
251
123
117
70
174
372
371
135
157
233
407
499
180
32
59
323
254
152
78
229
72
7
250
332
428
42
335
183
577
388
68
405
26
325
476
333
289
168
57
81
404
43
312
451
277
167
5
66
34
332
506
206
366
375
220
213
195
90
66
164
219
172
473
20
181
486
116
39
94
232
568
122
107
470
256
308
97
359
76
189
1
75
126
345
251
535
144
97
26
41
30
100
207
261
259
533
237
29
210
405
72
457
71
30
73
264
200
267
211
310
380
83
193
69
141
362
33
289
423
359
233
259
132
67
310
36
60
608
238
348
345
202
268
104
331
144
3
486
87
229
391
317
247
59
114
142
171
165
227
125
27
445
95
539
211
75
34
338
105
114
169
23
260
293
257
171
26
84
185
13
84
510
238
22
217
88
99
67
340
436
455
29
349
266
244
392
190
407
2
86
305
142
138
498
256
78
342
34
96
332
60
401
322
47
280
80
401
79
225
276
162
324
175
389
3
27
275
88
281
29
65
167
98
65
184
72
42
441
48
144
255
125
287
49
147
39
317
264
60
134
10
25
185
141
468
154
213
416
333
259
247
323
578
113
387
350
180
318
373
422
96
84
179
468
328
141
81
80
104
532
385
216
24
52
300
146
503
140
126
111
228
280
153
151
13
2
542
343
105
434
194
210
360
123
11
133
48
30
335
50
237
16
288
276
173
220
12
40
278
9
195
462
432
311
134
160
250
134
371
110
232
85
138
73
56
222
34
402
561
51
99
475
80
67
219
28
192
213
11
151
78
83
114
60
74
219
137
127
6
203
123
450
542
278
324
22
29
117
432
67
47
157
450
150
477
14
292
244
281
328
221
44
54
153
233
434
423
374
17
419
403
256
376
397
357
358
13
114
86
105
544
112
247
110
164
280
96
143
52
150
182
107
266
197
240
313
199
184
278
51
403
21
116
87
224
332
53
339
199
421
209
334
315
432
371
376
151
433
154
260
34
21
133
19
76
356
576
493
123
397
320
380
77
70
328
8
53
326
192
103
279
519
269
342
470
59
222
421
157
231
243
88
170
5
355
595
285
281
257
316
534
139
249
205
60
262
260
43
192
326
391
439
378
168
474
109
61
1
186
344
44
306
274
208
439
258
168
201
352
540
294
120
184
347
505
203
50
491
34
251
102
246
137
269
161
438
275
103
179
296
126
563
227
111
221
39
6
339
383
3
289
409
325
216
88
91
257
1
196
43
445
98
15
195
219
306
183
2
8
150
104
107
73
197
222
107
422
52
8
216
196
301
18
26
109
141
470
83
70
225
120
146
122
113
206
530
185
94
51
178
342
190
219
69
247
149
49
146
202
350
289
175
61
69
245
26
261
117
448
114
410
172
258
207
222
269
438
581
200
274
265
51
128
227
433
125
26
210
77
136
264
86
43
197
78
391
84
23
167
68
310
3
314
93
226
574
122
326
61
4
89
16
325
147
199
464
499
197
196
2
84
388
144
240
281
173
66
56
217
402
265
82
143
337
148
348
232
15
276
58
96
31
57
63
118
454
388
29
229
101
99
276
38
16
288
497
584
241
148
303
375
349
249
268
218
558
170
172
219
378
459
148
538
203
183
53
261
39
18
330
15
300
351
138
430
240
510
342
22
353
260
66
36
166
141
73
90
46
176
210
409
370
319
154
97
192
273
249
29
409
467
166
132
79
189
463
287
72
6
316
35
452
12
65
238
56
255
10
362
16
260
162
190
145
124
179
69
251
488
426
55
108
174
333
319
25
124
68
379
16
181
355
327
160
28
35
434
362
359
356
97
198
522
153
159
102
126
105
191
482
18
257
131
468
85
330
238
171
525
53
97
265
63
177
134
41
47
69
121
300
145
233
94
60
269
213
24
317
4
554
107
341
150
273
219
447
337
325
104
197
365
69
88
53
274
233
431
530
134
268
560
180
169
375
83
19
109
2
194
567
434
390
421
81
123
24
19
7
267
62
129
161
98
424
120
238
214
124
154
550
107
6
343
101
263
351
26
193
30
253
382
15
180
11
350
290
159
281
132
299
18
134
175
199
305
122
59
39
14
2
120
44
168
95
140
141
327
92
272
26
317
189
200
69
343
45
352
310
236
138
3
291
372
148
284
19
89
225
352
562
128
111
2
285
191
240
76
278
196
51
266
14
66
332
378
259
92
195
58
105
413
223
535
338
15
157
215
626
262
268
323
75
408
292
453
287
185
313
282
144
217
275
414
282
320
47
8
22
93
223
386
483
337
488
109
292
591
111
75
506
149
41
293
137
141
354
172
439
368
65
443
380
125
175
195
119
223
68
473
159
170
382
258
53
217
191
114
134
231
341
129
135
34
32
246
243
121
78
74
207
44
308
89
330
18
284
20
155
246
117
289
147
399
187
91
142
482
269
404
557
266
83
102
124
257
137
170
279
117
503
104
108
17
282
72
495
339
12
191
164
96
409
580
178
278
68
617
324
424
542
334
26
99
639
130
215
608
587
24
20
70
196
453
255
167
132
334
262
462
47
457
96
130
175
32
526
132
102
33
255
262
246
27
112
125
307
6
37
72
62
174
61
104
110
257
227
41
156
177
261
417
54
151
79
74
173
174
305
258
17
124
294
39
46
122
216
66
323
69
492
190
389
364
12
116
221
23
158
426
515
335
40
273
289
139
163
493
53
221
48
59
106
99
472
48
193
7
126
4
194
298
250
83
92
147
407
16
286
256
228
542
205
93
3
196
201
236
84
184
61
137
60
206
220
144
121
136
387
179
147
40
539
325
226
33
108
306
2
513
305
384
269
78
142
55
395
23
278
387
223
180
121
379
232
346
83
