1500
1160
2291
2123
1011
350
2493
867
1091
1830
2422
20
1390
2013
1922
1388
1128
1374
1098
2334
1607
1346
627
369
93
983
171
1147
1819
409
396
812
1569
1539
435
1432
741
1781
2300
1833
1111
2222
705
1353
588
127
242
1716
354
192
403
1961
1538
1030
1182
484
2013
1353
483
184
614
880
2348
2184
1271
284
1116
2013
917
2268
198
2028
843
903
882
1431
2383
2476
1999
237
168
2402
1050
558
2285
2232
1042
650
2437
378
2187
552
1258
2035
1588
1381
1171
204
894
2088
1325
2444
1617
2168
2200
1351
1099
2083
179
598
2320
1699
1853
2222
2257
490
1954
2152
2492
743
30
2179
1295
140
1715
1735
1521
1738
792
1268
1327
2117
64
444
1785
2264
647
1736
1847
2178
1186
519
1377
1891
241
1134
2381
1047
786
1226
1791
2168
905
1938
2308
1472
1174
1330
711
818
1450
890
435
1514
186
2220
1279
833
308
1978
511
1494
2498
740
886
1591
1874
2119
1491
1513
845
2134
1181
603
424
2342
927
450
24
490
1268
1474
1380
1703
1840
1566
275
619
1251
583
1450
614
2078
300
1354
1816
1891
729
287
2234
1094
1133
1868
1127
588
2293
969
1515
243
993
858
364
1319
1090
2067
660
157
1195
1279
1408
1778
1581
2023
208
1881
2229
876
125
458
1164
2359
404
2297
1728
1532
1737
373
1353
2104
1968
2347
462
2332
1166
1553
752
1826
562
1947
1958
822
1225
2391
1697
286
1773
1427
1162
1898
737
2326
1757
1142
975
2337
1526
212
210
379
2317
2179
1578
1631
863
1597
2036
1615
2275
98
1062
585
921
1140
477
118
1426
2250
397
1440
500
1135
1267
2257
2277
2242
2095
155
1307
1157
1886
2476
836
965
1607
552
1414
2496
2167
1189
94
2082
1775
2367
722
1104
1338
1000
854
1735
2440
1354
370
59
2463
1499
1154
910
506
2461
2068
2393
2437
1756
2210
396
2308
1124
392
1976
1165
1839
410
1792
558
2484
396
748
984
102
2484
2276
308
1706
2336
272
2058
2342
1182
64
2303
750
1309
1092
7
1019
1488
1167
995
733
1995
2161
1424
2405
1453
834
2389
1850
1583
2225
804
419
854
1113
977
2042
1385
535
1884
1419
1952
1687
2170
761
279
1029
633
619
1048
1628
204
544
141
480
449
1595
1315
1691
2297
398
268
601
817
1122
566
1794
664
1951
1182
48
871
634
587
1893
247
2218
1774
2232
1690
322
1361
1894
2218
354
1227
168
1949
42
711
598
1792
979
52
1461
954
618
2107
1618
1422
789
519
1145
275
2458
1890
1875
2177
1164
1607
1367
338
1820
2113
57
2175
2192
1577
476
2234
1140
2427
1526
971
2479
1839
1925
597
1447
2396
2019
1088
1767
664
1364
1725
54
2091
1402
70
1198
1621
1761
1871
87
670
398
2279
2247
874
866
2239
801
1244
710
780
584
1488
230
2031
1384
1101
619
651
618
835
1228
2024
426
131
2095
477
604
1356
2348
691
878
246
1823
1977
2472
189
1716
774
1433
1278
406
2017
266
1988
400
1650
590
1020
1153
1208
707
2382
732
1134
1365
1679
1611
821
1887
311
1513
265
1909
836
2242
1881
1025
1458
1507
1310
237
1914
828
1855
254
1228
2358
844
1100
1011
904
1808
2245
489
442
2462
2168
905
784
1556
68
1149
673
1977
1985
416
1358
1862
726
366
2024
2315
1132
352
1671
1386
433
381
1083
1533
1392
1987
2193
2490
2476
1487
2452
997
2392
2088
53
2460
737
2078
789
1574
2494
2148
936
2073
1366
461
740
1350
2165
1263
1588
98
1644
171
484
1889
2159
177
1879
987
1665
683
1984
409
272
889
1722
2361
468
11
1436
1814
1011
1224
239
1229
537
980
79
203
1095
1668
1653
240
1839
989
981
350
1167
1712
190
1684
1247
2174
2093
371
1916
167
233
2384
179
1669
550
42
393
790
1272
931
622
1351
2486
1717
1871
491
809
1211
1481
1790
413
1500
2354
603
684
1102
1630
1629
1473
1046
1797
558
2282
1976
2227
332
870
1473
1122
2142
1256
1744
2346
94
2314
1717
585
623
428
2066
1266
2194
1066
2472
1649
602
1074
779
2232
1400
677
1529
1958
459
2357
538
2144
727
2011
766
370
2119
1363
216
2213
29
1933
298
2004
1214
1217
2122
2260
1135
2095
1409
1738
2021
1041
1470
921
1718
499
1732
1030
1708
2270
674
2435
633
292
1657
252
1655
725
2465
536
1511
1615
41
1577
332
2163
1337
1468
1758
1598
2058
1280
139
1028
1053
710
379
285
1740
2087
55
2414
874
2040
206
32
2292
714
2109
1109
1250
1120
225
1291
197
1909
2307
386
877
1565
1985
1787
1697
2124
315
251
334
2046
536
926
1633
1944
2192
1360
1484
2399
244
129
1965
2353
1238
2067
974
1463
2211
23
2225
2018
410
1954
1083
1247
1242
281
2223
409
1884
1410
2456
1272
2336
441
716
2029
1801
1053
780
2045
34
245
751
1272
1164
577
1588
875
600
1313
393
2362
767
329
1109
861
1962
2185
1271
1346
1095
1227
118
931
1668
2187
1812
2322
2092
92
1867
2126
1689
1470
898
354
2047
1338
1229
148
1503
475
1362
1123
804
1324
1984
266
1009
755
1612
956
834
582
1887
3
269
52
2325
2361
1496
544
839
686
2015
590
2392
1562
1928
1121
562
2284
448
777
907
1252
953
391
1518
1962
2499
1982
1770
833
65
9
2188
1686
61
2013
400
1558
1410
1239
1096
2277
1829
988
191
110
961
754
2394
1410
383
801
162
1336
44
533
2150
43
15
1420
2229
1432
1429
1917
619
1491
283
1019
1901
545
1110
497
322
440
1485
513
550
1298
119
1796
208
502
97
1723
690
141
2256
340
1537
1123
612
118
56
2042
2035
675
2385
1170
546
1786
1715
508
1135
889
948
120
255
350
270
374
2146
1831
2229
1095
1054
419
89
810
2112
478
785
224
596
841
2266
1483
368
1003
154
914
289
721
275
1424
463
1223
396
718
426
2019
2444
1424
1350
2173
20
2404
1445
1461
2066
1057
1939
351
133
35
45
1252
1518
413
2255
524
180
1397
98
455
1673
561
530
922
131
956
441
75
1233
643
2249
1253
547
46
1566
1465
2455
1005
668
88
1040
713
1340
1410
1127
2448
787
1307
197
885
1762
1870
298
2292
1644
429
2101
937
504
834
1580
1605
939
979
1651
5
2444
1606
1010
1965
547
902
178
739
2312
1305
687
599
1464
2236
336
726
459
634
1871
2103
2415
324
541
1772
1158
973
877
949
1953
1381
954
749
1839
816
214
2386
570
393
1978
382
550
1517
2334
2015
1254
1522
1593
1713
2157
2316
168
924
140
709
196
1298
535
2426
2247
2488
1307
2053
2089
1998
1721
2304
737
2291
1549
215
1526
2099
1732
212
466
1838
1734
912
2403
243
728
72
1168
869
781
1364
2167
168
1290
767
156
1449
1672
1098
2300
2246
2254
537
889
1303
2104
1267
2254
188
1479
221
2027
714
2485
1930
2309
713
2002
977
1582
1636
1194
102
1804
2484
2221
813
286
1393
763
86
2491
517
1975
881
1820
1579
2148
426
1767
2480
1999
146
2046
1984
2077
1855
198
431
333
1780
919
1527
1882
1576
363
1603
2389
2001
1849
2004
2087
692
21
1562
1573
1841
641
74
1119
1261
54
619
1407
2100
103
984
307
301
268
640
934
1187
1019
316
263
235
772
1504
2236
1473
1008
1824
2165
1029
2238
91
1722
1732
1517
342
493
1571
961
1900
23
2416
1737
330
218
2005
2323
1152
2044
2194
320
1160
2429
2444
164
2166
269
25
342
2435
2406
80
1378
1629
1812
395
823
1157
818
636
558
2193
552
1147
1375
770
652
1198
774
1548
893
2447
208
2174
2391
1725
1840
161
1750
1034
1448
1656
1115
326
2137
1779
2073
460
437
391
1096
2347
84
501
994
1459
123
498
1510
898
2046
1255
2197
1107
929
940
332
1622
2453
934
156
1401
90
123
579
1080
755
1504
1540
1192
747
1489
1039
831
1990
885
1143
2113
1383
1505
1863
2281
260
412
888
41
1353
72
515
1306
1006
2024
1560
2449
999
991
1029
1754
2496
1421
1798
743
410
1689
427
1252
74
422
2218
1457
1927
433
1239
1039
846
979
2432
2199
1052
1800
2357
2058
1324
1417
859
1175
1261
1888
430
109
810
2228
2204
72
