Compiled successfully.
3 2 1 3 2 3 2 2 7 6 5 4 3 2 1 6 5 4 5 4 3 3 2 5 4 3 2 7 6 5 7 6 5 4 4 3 2 2 4 3 4 4 5 4 6 5 4 3 2 1 
1 -4: 3 3 3 3 7 7 7 
2 -1: 2 2 3 7 7 7 7 
3 -5: 1 3 3 7 7 7 7 
4 -5: 3 3 3 7 7 7 7 
5 -2: 2 3 3 7 7 7 7 
6 0: 3 3 7 7 7 7 7 
7 -2: 2 2 7 7 7 7 7 
8 4: 2 7 7 7 7 7 7 
9 -2: 7 7 7 7 7 7 7 
10 4: 6 6 6 6 6 7 7 
11 -1: 5 5 5 6 6 7 7 
12 3: 4 4 4 6 6 7 7 
13 0: 3 3 6 6 7 7 7 
14 1: 2 2 6 6 7 7 7 
15 -5: 1 6 6 6 7 7 7 
16 -5: 6 6 6 6 7 7 7 
17 -1: 5 5 5 5 7 7 7 
18 -4: 4 5 5 5 7 7 0 
19 2: 5 5 5 5 7 7 0 
20 4: 4 4 4 5 7 7 0 
21 -2: 3 3 5 7 7 7 0 
22 -4: 3 3 5 7 7 7 0 
23 -5: 2 5 5 7 7 7 0 
24 -2: 5 5 5 7 7 7 0 
25 -5: 4 4 7 7 7 7 0 
26 -3: 3 3 7 7 7 7 0 
27 4: 2 7 7 7 7 7 0 
28 3: 7 7 7 7 7 7 0 
29 4: 6 6 7 7 7 7 0 
30 -2: 5 7 7 7 7 7 0 
31 -1: 7 7 7 7 7 7 0 
32 -5: 6 6 6 6 6 6 0 
33 2: 5 5 5 5 6 6 0 
34 1: 4 4 4 4 6 0 0 
35 -2: 4 4 4 4 6 0 0 
36 -3: 3 3 4 5 6 0 0 
37 -4: 2 2 4 5 6 0 0 
38 1: 2 4 4 6 6 0 0 
39 -4: 4 4 4 6 6 0 0 
40 1: 3 4 5 6 6 0 0 
41 0: 4 4 5 6 6 0 0 
42 2: 4 5 6 6 0 0 0 
43 1: 5 5 6 6 0 0 0 
44 -3: 4 6 6 6 0 0 0 
45 0: 6 6 6 6 0 0 0 
46 2: 5 5 5 0 0 0 0 
47 -1: 4 4 4 0 0 0 0 
48 -3: 3 3 0 0 0 0 0 
49 -5: 2 0 0 0 0 0 0 
50 -4: 1 0 0 0 0 0 0 
3
0
7
7
2
6
7
7
0
5
