87 950 512
324684 575
903442 725
251924 665
724173 435
288022 940
569904 485
552887 605
376556 345
473716 615
902808 645
852724 165
583119 215
970599 815
183953 95
144024 95
397590 835
737074 905
372253 645
453405 75
713938 190
982105 355
155096 165
112521 310
191991 440
756516 405
16369 905
193183 135
816613 65
664209 780
289111 560
596556 900
793290 555
504082 65
355330 485
778319 345
731616 625
869459 360
328117 695
934715 800
600918 110
647610 280
333173 320
216773 685
37277 865
183054 535
721917 400
529439 880
145942 350
197100 215
507358 555
603241 30
768545 295
642037 60
971029 65
133121 185
300684 610
705584 690
654225 840
816345 355
836041 440
534240 735
295359 850
589514 805
613549 620
975275 95
278384 130
908936 440
51214 470
659941 425
160426 855
626893 205
606494 80
127669 945
287536 825
468571 690
976114 250
197884 625
99191 145
745477 360
606714 505
866350 485
299266 75
448377 560
358960 435
405426 575
417730 140
13197 815
